#"NBnodes"	Time			Efficiency	"Non-mpi"
"Periodic case"
1		1602.785		1		1.76		1	24
2		864.16			0.93		1.70		1.85	44.51
4		476.949			0.84		2.24		3.36	80.65
8		304.801			0.66		2.36		5.26	126.2	


"Aperiodic case, 2nd method"
1	   	1387.678		1		3.83 	   
2		758.856			0.91		6.26
4		434.972			0.80		7.42
8		278.915			0.62		6.36


"Aperiodic case, 1st method"
1	   	1388.599		1		1.54
2		743.767			0.93		1.84
4		425.014			0.82		2.43
8		276.559			0.63		3.10



#"Less reduce"
#1		1538.998		1		1.50
#2		815.016			0.94		1.53
#4		459.003			0.84		2.31
#8		304.801			0.63		2.36		
